1000
267
220
942
212
112
326
856
612
728
547
272
121
826
997
171
725
304
631
922
158
779
978
671
880
885
138
769
892
797
920
776
598
917
75
863
380
799
829
218
96
940
191
645
205
211
685
801
205
34
187
292
439
898
197
814
903
140
829
35
147
854
628
112
164
119
526
835
442
495
81
705
667
684
827
971
356
259
241
314
988
448
32
901
95
858
984
218
831
421
827
930
644
996
873
197
462
408
601
770
8
326
717
83
788
904
297
210
8
409
119
835
344
776
512
10
744
393
967
133
259
123
619
854
153
982
733
803
389
551
888
610
234
710
407
482
360
817
553
369
144
785
877
882
459
94
430
984
873
790
807
688
373
838
554
733
4
442
399
850
556
107
509
90
208
490
232
580
683
290
464
328
452
713
751
355
970
501
80
926
986
643
717
162
337
337
213
407
329
716
344
950
159
513
669
954
679
808
931
958
288
336
363
815
288
814
941
355
915
953
351
358
383
186
9
64
382
289
964
362
829
696
402
831
915
449
988
457
630
604
296
270
76
333
453
33
569
222
910
189
423
596
118
614
28
209
106
560
323
192
971
999
86
866
228
912
978
297
282
152
77
235
68
921
834
831
114
640
660
525
434
542
941
336
288
598
745
37
934
628
994
688
178
119
348
476
72
309
736
608
402
136
47
4
964
860
381
9
414
196
531
745
578
85
616
219
263
370
644
521
238
721
171
804
612
371
491
472
264
194
896
869
170
268
533
959
802
788
459
812
736
21
558
917
367
939
389
606
439
60
699
908
875
935
522
425
81
503
805
847
1000
320
300
462
395
886
528
243
496
763
78
172
115
167
192
704
40
60
915
110
714
114
958
188
577
274
552
504
81
459
698
639
151
78
480
784
225
471
648
370
177
687
466
310
204
292
847
336
105
545
812
806
236
451
455
171
349
565
535
746
511
210
260
239
562
530
3
250
345
769
661
642
980
614
892
323
917
475
863
360
814
1000
134
506
974
809
760
253
42
286
768
703
983
915
730
658
264
417
344
371
922
652
147
789
527
130
487
336
384
542
432
526
549
980
170
778
329
396
766
50
900
219
460
377
157
367
282
124
971
476
547
418
626
145
761
550
242
421
928
911
358
913
30
320
469
885
4
345
982
30
133
774
949
663
175
673
650
682
430
252
913
734
696
594
765
910
313
203
898
147
873
211
193
390
624
892
599
981
952
58
507
876
110
93
65
172
808
295
809
749
853
600
392
66
925
796
384
18
86
941
248
194
939
370
611
617
531
722
732
293
305
94
335
600
92
909
304
731
618
509
184
369
954
670
454
103
225
730
598
732
853
813
841
296
717
665
761
697
364
471
730
865
664
363
721
131
538
942
645
409
167
52
428
357
663
393
815
301
196
388
448
147
722
857
643
861
846
377
30
957
439
275
22
448
306
36
187
243
134
416
870
765
428
65
576
737
638
230
522
831
907
140
530
869
956
898
939
52
696
290
745
706
810
165
613
71
742
256
926
377
246
857
309
422
147
463
540
79
688
630
309
432
779
984
87
573
682
396
96
29
758
193
818
645
46
382
196
82
773
770
710
370
441
565
450
238
615
584
531
19
902
264
726
136
790
313
258
292
299
381
643
556
656
736
332
415
948
27
180
363
358
394
301
198
617
60
632
307
260
985
412
335
957
418
541
373
165
424
389
393
812
702
127
260
54
998
851
164
214
345
302
37
980
643
334
309
208
240
663
665
885
995
528
825
567
613
576
311
219
675
565
147
168
331
593
342
751
837
9
906
303
491
737
578
564
203
327
520
596
621
515
615
647
765
979
102
493
7
709
328
583
517
500
615
158
756
867
734
308
802
363
576
796
700
580
693
915
668
902
745
240
518
176
237
758
671
71
325
321
333
794
268
767
498
458
901
823
535
23
119
843
792
470
586
503
511
592
422
566
517
536
748
937
856
528
997
546
151
857
157
926
561
641
550
962
868
928
438
537
988
250
71
322
854
266
228
990
779
119
970
560
922
694
571
128
928
938
939
109
372
923
797
459
764
595
553
179
999
592
77
49
618
501
273
102
260
225
689
788
376
352
461
851
414
743
563
532
144
868
313
718
362
902
862
479
25
458
687
821
689
926
788
561
346
130
959
537
661
74
397
490
885
214
363
402
577
859
323
629
429
803
134
280
353
376
413
868
530
468
779
102
944
456
570
527
149
728
799
569
518
500
781
960
377
965
732
155
420
628
767
685
689
679
180
850
536
999
102
208
513
900
356
208
18
5
822
359
317
584
446
674