10000
6063
8507
7050
7219
9726
9224
4537
4396
569
1463
8865
9537
7347
2846
3172
5732
8184
265
7661
3419
2183
1964
4967
8208
8729
7007
8254
4274
8529
2885
8600
9023
7241
5561
9740
742
4843
6013
2988
9243
2330
8663
6278
4293
6703
2977
2698
5025
2386
5686
9471
7123
1488
4326
4071
3722
160
6385
2340
4348
7714
6000
2104
5905
7944
3230
4300
4357
6038
6214
1217
6026
5146
3006
9864
1965
4687
8057
8592
1299
7257
1910
6735
4756
8431
2350
628
848
8321
1215
689
894
6209
4946
4112
4372
4809
1301
1453
1783
6462
6930
8644
6357
681
8656
4103
814
2313
5928
9711
1774
4973
3697
4527
6152
2639
3065
6253
1502
8852
8124
1250
5417
8287
821
9402
394
5514
7042
1865
806
2494
6974
6280
7495
4529
2503
7121
4380
3309
2190
1161
2751
1060
1784
2633
417
6680
5312
5471
6385
5752
8040
4079
3428
9350
7713
623
8351
3936
4636
5901
4207
7798
7889
6334
6602
1657
5159
6528
6528
3129
450
5860
6108
6903
2019
918
7596
7141
6685
8028
5088
3086
2043
5731
1543
253
2126
115
2724
5717
3965
6539
1764
2505
2420
2495
6177
8185
5727
352
7583
1354
2247
5819
3814
331
3997
1739
225
5400
568
2648
3693
2212
4999
9437
8693
8062
579
5525
2010
3240
1966
4269
9494
8734
8177
1107
6828
2061
4934
7061
6318
6970
2418
142
2012
3745
5976
4546
7082
7786
8459
2059
9495
744
7670
8965
2022
8925
4786
8235
8987
2437
9274
3247
617
1158
6986
9570
2601
8200
7406
2325
4834
8850
9899
2885
8622
8847
9385
7443
1133
3382
8636
3906
6667
786
7926
9578
3329
8247
8463
3747
7650
4035
1304
6851
8023
7829
6440
9601
9259
7907
4982
1622
4443
4409
8094
639
1083
5767
3311
8
1909
7876
300
9518
8505
3822
6696
854
5621
1414
7961
9678
7860
1645
8977
5699
3713
7218
5620
9926
3571
9699
6373
4172
450
5056
4864
9228
5068
3938
1166
9689
369
3629
3043
5712
8429
1405
3458
9986
5400
6502
9022
7706
3362
6348
8975
756
4953
9344
7944
1668
3505
8783
5513
7057
7984
8564
5005
3104
1522
1233
6396
4711
8284
7799
1419
950
687
9115
2519
6766
4788
3422
7183
3615
139
3606
9191
9029
2516
1659
2222
6415
7105
171
8640
2031
2680
3670
6280
6825
3682
2326
8514
3518
1963
6592
6232
7795
2560
7658
7140
7470
6638
5546
1901
6542
8994
4701
9825
8433
8255
2752
9447
4952
4802
1333
6543
4704
7799
3185
7054
7189
873
3314
6155
8901
6014
3063
8655
814
2143
3084
3636
7947
5762
7453
9188
9265
8285
6247
399
3444
7086
5880
1132
7959
2749
7842
9761
4731
7278
1099
4593
5218
532
8418
1570
270
7624
7945
8669
3438
578
6215
9748
1460
4884
8878
2011
8164
6749
1304
7111
4941
1115
9748
5764
6709
1466
5893
1565
92
9186
9786
5658
1254
2789
1135
7164
998
4988
5150
2640
3765
7439
3575
2505
2970
680
2271
8666
9062
7803
3234
4465
7477
5963
2574
5671
7
8568
1461
426
2770
9995
5431
2991
1461
1812
4631
9340
8089
7924
4997
8413
9147
8379
4526
2636
6749
5910
4296
4320
3999
7558
1247
7232
5239
6191
7209
9642
7600
9329
5122
4701
7805
2374
7588
9794
5648
7918
3605
4188
6476
2800
5571
5970
274
1909
6001
368
868
2297
6447
6646
9337
7804
570
9295
9589
1938
2652
7060
8114
8523
7953
2879
5966
9353
9226
9885
6654
4606
7924
8047
5530
4718
9829
1535
755
5151
6899
5749
8046
5530
5131
3454
6720
4120
9572
4444
6571
2338
9712
1536
2595
9483
5483
2721
6016
5467
3301
6743
9536
5121
6736
1096
4414
6056
4292
5240
5591
3701
8842
3552
4349
3972
1094
8974
1933
6840
6980
4979
8289
9271
4062
6597
6846
8488
9257
5944
4849
7606
8553
9696
3126
5942
1063
6450
6532
4901
9073
119
4358
3712
37
728
8361
740
2562
1547
4036
1677
951
2389
9038
2489
2859
9513
9924
6006
5556
7211
5212
9559
1395
2075
2456
9785
6317
7082
2932
1492
885
5660
3168
6555
2849
9204
1061
8272
5133
9617
4110
2148
4682
102
5241
9597
2964
47
5285
6636
3649
6952
825
9457
4
2
1412
8270
8181
5776
9779
3534
9415
9965
6957
5189
2616
3918
207
4236
2114
2623
1085
5648
1847
9819
6993
1514
2567
4416
1224
6677
4312
8344
1933
2052
2824
8606
6350
4881
3942
6333
9731
5831
5460
1233
993
4157
5096
7494
9687
3695
6777
4107
4456
4314
5163
8465
9016
9183
3868
291
6117
4744
6
5269
5387
6191
6871
190
4689
9171
121
9729
7392
353
2452
3886
833
1570
9555
9166
3955
6353
9640
2295
7679
6902
7688
6069
2528
2418
7023
2406
5073
3441
3111
3633
6883
7697
2580
5161
5084
2989
1956
6813
1398
1175
7004
5444
4315
8114
6581
1429
9894
4850
6306
9696
8409
974
2223
4361
4555
4513
939
4400
1946
449
7742
8545
8993
4782
4876
193
8048
8866
8899
7200
6109
4955
5412
5015
2779
2852
2570
3017
9109
9511
3208
330
3698
1754
9834
4064
912
8285
8568
2120
4749
727
7828
4280
8166
3958
3548
4430
8721
9425
6517
7560
9691
9813
4416
1813
7290
8051
1460
1270
3408
1968
4432
4820
1210
6957
5668
743
4745
3587
7312
8918
7101
5318
4476
9163
674
5715
2154
5103
7466
9133
3696
1440
565
7935
1001
6425
836
2568
7537
771
2330
2268
698
4121
2584
6517
8648
3298
2255
5362
821
4757
8083
6091
9208
3371
3050
5356
7083
5573
6619
4944
9269
4616
8278
1010
8637
3268
7850
7059
4841
6345
7693
8402
2173
6647
6653
2576
7347
3157
7278
8632
9216
6419
8903
8246
2870
6521
7729
4991
7639
643
7372
8278
3008
2675
734
8782
5241
8225
3601
789
9801
1014
4150
5354
4203
5352
8971
2829
9863
7004
8715
6461
2255
2097
5688
3047
8214
1434
7169
7854
258
5842
9649
8037
2888
1270
1853
874
7643
5077
9864
1045
5689
6756
158
607
1391
2551
5875
7469
5342
3222
3342
7813
3149
5277
7855
7025
9821
3915
793
5156
7879
9886
9333
2916
3246
7600
7520
7841
2026
8929
9365
6520
3401
6767
2486
5474
1692
8750
2790
2468
3882
6211
8275
95
2998
9265
9721
4478
8025
2676
5741
156
9975
9177
1790
797
2456
6756
8808
4877
2901
1954
3290
4055
7133
3264
3908
6069
3974
632
3586
599
977
2836
6470
8598
6258
4099
1083
7882
1822
6316
4246
7411
725
710
6107
7298
5031
8012
7651
178
8227
769
4507
3855
3610
5883
9430
1859
8685
7398
3128
3930
6207
8975
6755
9415
3960
8108
6697
4728
8481
9827
7638
9542
3853
1534
3412
2949
4607
3629
4104
3591
3902
9361
7374
4192
7119
4875
3241
3853
6380
4125
832
3109
2195
3536
6541
6461
1970
7951
6571
7258
6989
8217
2951
4245
5611
1969
9297
5457
6247
6288
5073
830
3326
1197
9945
7481
1111
3367
1499
2373
4987
7368
7134
9395
6017
5194
5778
7273
1975
4659
165
1389
7384
5738
2642
4425
1238
5599
8449
3268
3546
3919
1129
7456
2978
8902
6876
9024
9400
4650
9031
1981
4371
9416
3130
9339
9687
7020
3839
6161
428
5494
6954
692
842
5476
4417
3444
3812
5915
2010
6847
3051
9017
611
2759
7111
8559
3807
317
1289
6582
1725
9662
701
6948
9513
8031
60
8623
8717
5843
5396
3916
2221
5035
6071
5717
3242
5350
9980
1435
3502
2765
8245
8269
2939
8115
3661
1319
1684
4914
267
7841
9376
2610
9332
7995
4748
3179
3979
61
4970
9306
6729
8676
5319
7991
1835
4868
7237
1380
1590
2756
3426
6918
6501
3105
8362
1604
6149
8929
9284
2593
633
5202
9518
2154
8825
2494
7513
7950
9530
412
3765
3617
8029
3026
8216
8318
9062
4030
8203
2280
6065
2664
6348
2687
1581
9975
2267
1516
2815
4420
9995
9811
6983
2577
5832
7336
8972
2451
1767
9246
9902
2845
9201
3913
6627
3970
2705
3745
4282
3843
4673
9671
5412
5835
1123
3409
4748
9744
2311
7589
2813
294
6892
8312
8534
7911
4607
8280
460
4649
3138
7075
8326
7102
559
4411
7768
311
6630
7429
5395
4160
6605
5610
8764
9453
6147
6518
7189
6621
5807
7903
2872
718
7663
2884
5357
3005
7150
2753
6256
2461
6443
1361
5554
2655
2999
7212
580
1810
1974
8418
7179
8858
5095
9577
3288
5802
7723
1672
8807
8441
6390
588
4125
4279
4368
2345
1950
1821
8430
7113
6388
8968
2074
9187
8414
6184
4260
8712
4830
9275
4854
1473
7167
4089
7940
5784
6041
3942
5712
4202
688
730
8447
6117
7091
9505
4559
6324
597
8792
2256
293
6394
9197
5658
7049
1653
5609
5034
4375
5410
2536
1312
9502
2748
4436
9974
3022
2384
2014
6517
2271
5393
9553
1048
7193
4053
9530
4089
6266
7287
2946
6755
2491
568
4391
4556
7712
5555
3578
2391
8083
8230
2958
3531
7890
4881
9121
9218
3193
3070
8211
3543
9651
135
9462
6887
8625
4929
1664
3249
1698
237
7535
1048
3380
9275
9860
8150
8103
5446
7491
3171
5343
6058
6375
3538
5790
8082
996
23
6300
6949
7351
4639
2049
9224
6093
5673
4529
9354
6210
2369
6436
9352
99
796
5322
3835
3451
5280
3093
9123
6243
1264
2878
5727
9495
3873
9604
24
9238
52
7334
8210
9269
3024
4102
8105
4429
3573
4671
2819
739
2584
9333
1787
6191
6267
7380
5386
8973
631
3010
4599
5372
1230
209
7342
1976
4007
5720
7881
8171
9325
7878
8341
8349
8518
6350
5970
3115
7728
8388
7320
4662
605
5509
8241
7358
8270
6683
9916
1657
3552
7951
3961
8059
8955
9710
9319
3701
1787
7323
806
4415
5383
4599
6056
6686
8738
9398
2013
2531
622
8389
4046
9128
440
5457
9309
9072
795
8780
3291
5501
5017
9332
5433
2364
1831
2709
6300
3635
6069
3849
8741
8281
677
7831
8676
9796
6589
6544
7736
2409
949
9355
1463
2857
551
5469
8374
5948
4732
672
4663
5144
6724
3219
1115
3953
9533
8141
4356
8390
9579
3811
7121
6873
7353
1636
8074
7545
6557
6801
907
4120
8854
1541
8723
4462
9127
9166
3660
1722
8472
4699
3575
9711
4696
8595
1441
5385
3912
1366
6539
8283
583
9012
1844
6737
3662
2228
7013
9578
7254
1247
4866
4622
5462
7273
7994
6375
1785
9662
2481
492
74
2173
9937
2783
1224
8410
3213
29
1871
288
7682
8711
312
7392
3781
2122
5996
5770
7528
8188
5858
1915
1175
3429
2249
8542
2886
5288
2855
9234
8106
2258
9961
4708
6280
8675
5826
8026
9727
6694
9664
9172
6294
4714
2873
1729
1197
5744
2390
8695
6973
9099
1639
9676
6249
8126
6999
112
8089
398
5326
1055
1416
3850
2651
5911
6763
2
1418
5566
8631
7588
836
3799
6263
9768
4412
582
5740
2684
6193
2245
5299
2882
7496
2191
6044
7402
9522
2851
5038
9710
3473
3972
4488
1514
165
807
2338
9588
1794
4368
4620
7465
7893
6089
3969
2812
3583
4474
8313
9732
1805
743
5318
7539
9100
9650
4759
6705
5520
3741
7434
6717
908
7959
6630
1812
9189
7799
7494
7585
7993
3207
438
1296
6028
6291
3613
5799
5729
3650
5203
4425
6685
9123
8478
9572
4601
1592
4504
5335
2748
8367
9315
8841
2045
5184
2554
8997
8384
7374
5499
7216
6946
4462
3203
5603
44
4816
1807
4032
3154
9334
8110
58
2503
8879
7789
6437
4640
1592
3777
9470
2646
1166
701
3085
4521
3799
3061
8396
3825
8629
6691
4376
4198
4875
4989
9768
2377
3342
2823
6591
9176
3356
7146
9605
6536
7870
7059
8412
1036
1075
2324
7473
5934
2967
1070
4688
3297
8709
6649
8229
8770
442
7828
5586
8225
9015
2386
5136
614
4229
616
8545
8621
1555
9131
9172
8802
3241
5328
1787
3757
1382
8403
1447
5876
3357
5233
5030
9873
4356
6078
5288
8773
8186
8432
9496
1180
940
1833
1486
8697
5172
7929
6346
4588
5108
9576
4012
9093
9585
6167
7762
6529
7767
9534
5238
7748
4724
2731
6885
4232
9086
644
6792
4134
8355
1
377
7628
8378
7224
877
2277
6800
35
586
7719
9937
8009
9456
5219
9452
2034
4618
2749
5685
6067
7591
6787
5886
8752
743
5967
4525
6933
3442
7574
5683
3864
3403
6756
5517
603
55
3646
6292
6060
7620
9663
7665
1520
2199
4217
920
9099
6021
9948
2144
1890
8083
2416
2772
8035
9442
9809
3996
6164
6214
4538
8276
3658
7879
9204
1395
5715
4268
6985
1
3714
9426
7208
6098
9134
6789
1740
8047
6211
456
5470
1051
9440
8524
7790
2431
772
9278
3404
5414
7366
5398
8009
3342
2037
821
4397
1588
2501
776
8035
8048
7090
9200
359
4519
6346
7096
747
9461
2299
3870
5507
2741
5845
4340
3268
5665
9532
9366
9382
9339
7115
8268
3032
5343
4997
5050
4264
8229
2211
1984
1442
1452
9501
6862
9755
6066
2457
7830
6716
1340
9372
1666
8207
5830
7797
341
1849
5297
6039
2885
5009
1814
75
1392
8328
5267
9541
7825
8327
9246
4087
306
3375
4881
8062
9739
2440
7321
4148
3562
6528
3359
8016
235
7905
4880
1674
1956
5549
4513
6543
1528
4625
6784
8201
3086
1856
5955
1762
8925
3702
4474
2727
3624
2827
6355
7482
2327
1703
3242
8680
8933
2323
7643
1043
2112
9726
4632
2382
7548
2
2572
6880
4922
9576
6837
2241
6252
2946
3419
1031
7747
9334
8650
7505
5557
1035
5698
2597
6530
6087
85
2651
3152
3515
7516
2419
6659
8998
1023
280
3938
8550
1276
4907
3739
7235
8950
4785
8139
5667
4632
6016
9801
8639
2815
9247
9089
8434
2460
9250
1442
183
6545
2424
1990
2160
974
2987
1236
87
1417
2432
9633
5292
9472
7348
7765
5482
8842
9796
3600
2249
907
8494
7140
8940
393
7049
9393
2385
3887
7110
589
1252
8829
1488
6500
8803
571
4243
6092
1854
4138
9940
6295
772
2406
5976
7891
8830
5985
8769
8564
8803
5532
1099
7656
6146
7232
9609
4755
8340
2849
4027
2145
721
6836
6007
7147
6866
8099
270
1590
4744
2407
2974
45
3207
940
6216
4806
7467
5350
5327
8958
2443
2133
3526
6837
9393
1137
5033
3084
9066
5663
413
855
7400
1239
600
531
9681
2365
7458
6459
610
4014
2893
5918
2466
2740
7900
2648
3225
6782
9812
3144
200
3351
6226
7076
380
5138
4263
9330
6654
7625
6331
3842
3629
8558
2515
4258
4328
7570
5758
9013
9121
4273
2884
7207
8370
116
3999
7013
6892
6217
7431
4526
7022
5907
5451
9002
2756
3813
7196
6118
3861
6066
5671
5311
7596
7063
3513
177
6290
5590
9688
8423
5634
3497
5293
2451
6065
999
12
3939
4800
2055
8181
6004
3302
9155
395
4152
1437
626
4399
6573
4842
8476
9459
4683
7686
7844
7176
356
7988
9658
3585
3086
7673
5968
3516
2814
2306
4562
396
1547
8226
7009
3269
4704
5130
6295
3343
4477
9163
3657
6210
6190
221
989
284
352
7307
8109
3465
1499
5605
1201
708
3511
5049
1289
2614
909
1520
5447
2277
3068
5214
7246
3949
219
5454
5836
3673
9274
3243
7247
5811
6683
9753
6070
2038
200
3349
3997
1848
5977
9158
6578
3115
6895
5203
4195
3480
156
3274
87
3715
5934
5630
2044
1702
4068
2810
5056
8170
5769
863
8751
4411
5363
5970
5221
7911
2404
2944
3437
9346
6849
9471
8162
611
9780
5566
6181
3960
3326
1345
9154
3861
3348
4285
7589
5321
6774
4522
626
9639
2094
7981
9291
1633
405
8914
4694
5854
7643
2292
543
8915
6272
7512
7329
7735
6802
9635
1152
9852
7983
7625
8852
3973
1255
2673
9350
315
8509
3799
629
651
4180
9641
9896
1911
573
3632
2973
3531
4050
3134
9685
6643
1591
528
6726
2389
4873
8252
6522
3930
3596
4783
4444
7516
1588
7379
462
5137
4565
1971
8898
3180
9574
3930
883
4176
465
4874
6739
1076
7728
6859
2171
3872
8713
1006
8991
4174
1005
5030
252
1174
3857
7619
7523
9986
3326
997
1989
5805
728
9397
1032
3598
7759
8004
6383
9513
157
9287
280
9450
238
3313
5498
738
6939
1947
8331
6821
4185
3295
4220
3556
3390
9674
6855
6742
2482
916
182
6851
5108
5871
3916
6959
1097
5362
6638
310
4696
4288
8331
6142
5071
2673
9480
4547
3752
3849
6245
3141
9002
9579
2411
9319
8630
3837
2170
4528
7425
6629
832
9552
289
5292
8871
5844
1146
4514
48
3466
5330
6155
4138
1021
3216
4740
779
6216
2438
5437
9727
3444
5423
6945
2636
4924
9109
4494
3886
5644
1220
6549
4508
6372
2789
3120
6665
3190
6217
4067
353
9086
1101
9899
4535
7230
3356
3047
8273
3397
5061
6909
6012
7436
5272
2131
6171
2454
7639
9510
3479
2785
7874
4685
9332
1630
7501
4492
5085
4595
1609
4699
5249
8408
8018
3450
6655
324
4605
2895
1158
6028
5608
7550
5998
2945
1208
4401
2528
2391
2388
1830
9682
3836
6602
5525
4195
9407
3468
4472
4726
9231
9698
3822
5587
8737
452
500
4879
1259
4990
3684
313
6062
9844
327
59
2496
9623
8477
3857
7046
2733
6142
9704
1623
2683
4546
3785
2915
7435
4590
896
7129
6730
5250
9442
7500
5772
2464
4109
7132
5519
8542
6836
3375
9623
5961
671
6745
9225
7597
9209
5114
664
6612
5596
5307
1272
9238
7178
3106
5079
2161
7961
3771
5673
5775
2785
3734
7930
1769
2243
5569
9175
2662
8723
7382
5175
2790
8747
7515
7806
6219
4827
5091
589
6924
1060
2492
1675
8504
2193
4715
1994
2306
4119
2632
2649
6669
4240
3854
7129
2835
2655
9030
4543
3598
3666
6406
2474
7674
1789
4278
1770
4143
1712
7164
8806
4784
2578
2951
2114
9329
5061
5266
5956
9461
5815
7223
6242
6751
3646
7621
1266
1856
8588
9243
7664
4980
4894
3743
1065
7491
181
7462
8268
7481
2126
1416
6178
2428
4955
9429
7793
8734
8023
982
2945
920
5204
7770
46
3604
8650
3460
8430
7918
8715
391
5582
7985
5548
3386
2466
4223
6060
7794
5381
4060
8099
2320
7000
2170
1075
9611
5433
8166
9203
168
9480
434
869
2583
2781
3797
7202
1069
5091
4451
1157
930
6235
5157
9235
6329
5816
9101
7450
7237
7689
2702
9537
8690
6062
5940
6965
2882
2557
7277
5365
120
4287
5075
3391
9900
6327
9508
4390
6110
6574
5834
5533
92
6755
2689
9572
5108
5041
1556
9734
4932
8319
2321
2428
9619
2119
5536
17
1775
7215
8973
1991
6027
8901
9420
8014
9221
519
829
2521
8943
5033
7754
215
6445
1910
101
4881
722
4270
3503
1036
1068
8132
924
6010
6943
7870
669
742
5724
9751
724
3948
5210
4658
1321
4229
1368
3331
3419
4775
3725
4089
885
3274
9918
9202
4633
8579
4736
1301
7137
1643
344
8827
8914
1796
3487
6182
2046
1136
3934
4592
4589
5472
8883
9549
9867
1781
2700
9530
4595
4439
2304
2636
6844
4572
1778
6487
549
5544
7295
8470
9682
6693
9281
9520
7370
6276
470
1138
7431
8320
166
7384
7553
2914
8428
9600
3061
3195
2762
6550
3853
8010
5337
7181
6320
2618
8143
9145
3446
479
6649
7665
8995
3198
7406
6648
4270
4221
2456
1060
1590
8154
1478
4105
4234
6617
7394
8526
8163
9908
7326
3884
1602
5040
2496
406
1361
9526
944
2956
2634
5893
2287
1790
15
5628
2688
1764
3327
4451
4376
8553
6672
7299
1178
9392
3814
9374
1462
7449
2953
3941
3273
5719
9861
7294
9217
282
8919
6080
3863
9783
7512
2072
2113
3016
7341
7936
4240
2395
1306
5833
222
9426
2438
2145
1572
9221
6153
380
9946
7658
7606
9903
5379
4088
6865
7778
6311
5202
9015
8636
8501
9528
2249
9068
3267
5565
4048
4728
7500
2932
9728
6360
8550
7182
9647
277
2235
5755
1490
5467
3460
3755
6259
1460
5313
517
7485
4409
4932
3065
9197
422
3886
1837
2688
3050
6361
258
743
234
1643
3226
6095
2997
3889
2252
4710
6930
3870
976
4082
1390
5767
8132
922
1429
7945
7039
4562
9591
325
5883
5359
847
823
751
2482
3621
4462
4336
8073
4443
5806
7970
3084
1639
263
9033
8662
8615
3857
6806
3971
8493
6784
4194
3216
9396
5004
8929
7981
3141
6054
9325
4997
2412
3938
3099
5904
1291
5920
967
9431
3793
2196
7860
6273
5088
4392
4354
6869
8670
7498
4286
9588
6680
1790
682
2983
8351
5866
4970
5046
6403
1222
2084
6605
3503
6964
244
4111
8497
7200
326
8928
7325
3915
7115
5741
3937
4044
9251
6927
9243
6116
2707
7706
5498
5602
9863
8279
7331
8089
1183
544
6436
9261
7526
8426
1340
2299
3572
5198
4796
2428
5079
852
5041
6995
6348
7414
5281
737
9810
2613
4840
8943
2986
7935
310
8360
796
2387
2204
2948
6798
543
720
4422
5882
5695
647
1244
45
5491
3781
4872
6676
9799
7854
129
9623
8081
6202
7852
9441
1508
8589
5784
2140
2001
1286
1837
3818
1796
7027
2591
5818
184
6147
1789
7661
5825
9309
4247
8808
1649
2003
566
3372
1043
6141
1108
6307
8079
6055
4790
2042
2262
9830
2215
1058
6352
4421
459
1437
7298
6562
4449
7645
7495
2180
199
5078
808
5264
1754
2675
285
3977
1502
6487
1744
577
5682
3670
1530
4356
5585
9099
790
6048
3432
6315
2626
9495
9444
5392
7403
3558
2225
8028
1085
7609
1499
3067
1844
6369
564
6391
3913
964
745
857
7554
258
1599
9374
1290
4173
3452
863
3039
8825
2469
9916
8550
5912
4228
5320
7704
1137
5460
352
7444
2697
2766
4625
5160
7474
1698
6201
4078
6728
179
3783
7662
4792
6832
5643
2004
213
5801
4903
444
3268
9520
1952
6560
638
1079
1398
6583
2220
3242
8197
4355
4337
4575
3010
138
3054
7887
5472
7040
6843
2338
1959
7595
7583
2391
6786
7407
3106
4794
4930
9152
8450
7161
1597
6409
1499
9336
9377
182
762
8349
4376
4031
7875
93
8514
4962
3072
1247
543
7973
2067
854
6793
2127
9046
7913
5347
2521
2366
6382
1233
5552
7374
8936
7190
1598
7340
5545
3058
7589
2604
7447
8625
4092
3619
5997
4427
1787
422
4448
4751
3239
2367
9291
295
4887
7911
7247
7644
6922
6471
689
6824
937
8355
146
6423
4546
9016
5116
3211
4754
5896
9831
7300
9940
10
4026
1567
7870
299
1345
7113
3583
2811
9484
1313
6208
4132
812
7420
592
7218
9577
6727
2281
9839
1034
4942
2362
6250
9753
7835
6054
1173
2979
6229
5321
9531
8234
1571
734
7952
4811
9112
1777
4036
6041
935
6866
9322
4156
851
4432
1876
3677
4950
1589
7255
6599
1303
7899
7928
8506
5193
1176
223
1741
9740
1849
10
3462
7044
9432
6965
4316
7881
9834
8247
4709
677
8054
3041
7495
2396
2878
9400
6742
6991
5569
7563
5436
362
3401
7995
8647
1720
5245
9441
2458
9841
2406
1156
8219
2220
6341
8763
847
8119
5245
6724
4517
542
8651
4614
7851
863
3141
1173
5420
876
6365
5285
4744
9783
9653
938
8582
4203
9732
9388
4681
9561
1600
5272
131
794
8974
8428
5076
4214
5328
9612
3397
247
7195
7225
5652
870
8854
8405
5350
8094
5287
4187
3040
1643
6302
3537
4943
8583
6488
7220
627
4984
4460
4457
4721
321
2661
8357
7509
6545
7850
9264
1927
8154
5052
113
9420
2736
7913
4202
2583
7187
4413
8897
6841
3402
5072
6886
8352
5696
7653
4439
4238
3293
3833
1258
7181
1950
3663
3769
2558
7999
1782
8515
8520
3815
9663
4643
7316
3052
4927
4710
9585
842
4594
1389
5193
9158
5765
848
2181
4980
8341
3587
8979
3287
5348
4801
8638
6257
7570
6819
6432
4994
6566
6837
9097
4276
10
7745
9586
5257
892
2568
463
8076
2238
2403
7600
7723
741
5190
6703
4581
2928
7754
7507
2403
6475
1586
9743
5722
3902
6544
6465
4664
7805
4416
9908
9158
128
185
4190
4437
1625
7542
182
5042
9690
6070
3686
7064
5174
5323
9278
9105
143
2850
9226
4370
6875
2004
6988
926
4443
5369
9180
2618
1918
7228
1562
8
7355
2937
5168
6016
6771
9812
8513
7535
8706
8789
8240
9442
3921
7434
8183
1502
4289
858
6784
6053
7754
6874
876
7029
6767
5500
8664
4434
6312
1708
7360
2027
8057
8012
2179
9488
2175
1321
4814
2525
8125
5567
9929
903
1702
1441
1666
5450
7596
7766
4528
4401
4694
5939
8528
5840
4104
9166
810
3812
8061
8397
5547
1538
5369
8627
1491
7440
4885
9016
1853
5186
171
1206
8787
9506
1496
2854
3562
7653
3287
6119
7931
4023
6824
7170
4621
9094
3598
5378
9088
5069
5147
8435
8271
6374
8109
8233
2341
5073
6868
7369
4829
4267
2207
4836
7698
2125
8878
6720
1147
9373
3352
2820
4300
5445
7655
1159
9840
8304
3408
8082
273
5629
1463
535
8039
7424
7890
8391
9399
5072
3313
3662
1334
7233
4323
8938
453
8414
1293
5182
6896
3816
8772
2724
7239
7292
5410
790
2472
4553
1151
3366
788
3001
4321
328
6780
6689
6525
5617
6863
5709
6047
5002
5861
1135
9505
6725
9393
9746
3455
1115
1798
7144
8666
3197
1508
6766
6052
527
6711
6393
9003
181
9636
7339
167
7243
5948
6279
2001
3515
6472
751
6253
4468
2434
8673
5495
720
120
4383
2204
7906
4520
8188
3749
5759
9166
4453
1488
416
2989
5104
67
5265
5692
7584
2850
6552
897
8445
7456
126
6211
8362
3347
7423
9120
6296
3331
8553
7730
3384
1852
7666
1381
7766
362
1024
8972
91
833
6184
6679
625
6704
9846
3429
1453
162
7591
271
616
4178
8558
5849
6086
1909
7277
8301
8535
4652
5897
1324
6425
2031
7467
1515
6031
6316
5477
6343
4314
1173
466
9519
835
5067
1203
3712
7152
9463
8397
8881
415
2235
1110
7533
5739
9511
7194
3150
6983
8831
6654
659
5114
2533
610
5153
8406
5090
5858
1060
2533
8541
4454
2386
709
1033
8142
1125
8553
5874
1899
6418
6064
9724
6354
9051
476
8115
3936
2321
8759
571
3743
396
1899
7995
6986
9208
7759
7321
8069
5573
4049
6381
6306
2279
8800
1228
1100
5542
6317
7282
5408
7996
8300
8343
7586
5462
8532
9762
9823
1782
6213
4172
4950
6658
2923
9369
9581
6591
8759
9002
7641
9346
526
3854
2980
7737
7495
1250
8637
3744
6222
4451
9938
7934
4517
8346
6130
9870
6933
9164
4385
6296
3811
5003
4915
2879
5980
262
6180
9728
4067
2169
5531
5633
7044
2241
180
4869
3916
5038
3425
8563
2257
6263
5921
1307
4923
347
8468
5084
4278
4693
3479
2784
2473
4782
4185
6265
6596
3139
4504
5806
881
2437
5334
3194
2982
9704
4735
9716
8371
6766
1725
9835
9249
7896
7786
5973
4568
2148
5117
846
9862
8606
4229
7476
3858
6413
6302
3022
9065
6880
6599
7926
7721
7137
814
5567
6098
4200
6510
2588
8807
4075
4692
6355
4567
9541
7425
3732
3253
4183
6591
1447
5045
5727
5617
802
7524
4934
8264
6046
7822
3637
9297
9499
6012
3697
3553
1603
9180
5068
7335
3982
393
6959
7300
4489
3572
4180
9537
4365
9194
2980
6559
9763
1324
852
6682
9816
6279
1074
5118
8154
360
7897
3471
5284
6099
6948
5500
9346
228
7052
8287
4702
8638
9816
5021
1802
8455
8600
2336
8394
3385
4190
3270
8968
3159
1784
6729
6608
6277
1320
1137
9842
6317
9442
1221
5497
5737
5499
9555
7877
2485
1827
8339
6563
9308
6085
9253
3852
750
6062
3630
4483
4414
1746
4256
9804
8296
6862
6757
412
3368
7150
4922
7934
7102
9016
5728
9672
1261
8199
2718
3246
1909
3164
3490
2090
8731
3310
3803
4344
1848
1138
857
1306
3303
2674
2316
3995
1590
9842
7097
5902
2693
7185
8732
9041
7151
9124
8298
5539
742
6795
6692
4175
1374
8461
5298
4946
8663
2909
3793
1900
2678
4703
1724
2822
6472
1683
1391
5339
9600
2151
2370
8239
7407
375
8502
6460
3783
8354
672
5079
3522
9201
9979
5619
9528
4126
3471
2162
1990
5212
6923
8676
9547
6233
2057
8299
4689
7061
2085
4397
542
5980
913
5282
4253
8175
4621
7336
217
7967
4392
2544
7891
3686
865
3436
6404
3871
3653
6616
8673
2613
213
8151
4845
7062
4768
6934
4776
5057
3809
4836
9227
8309
2379
4977
3767
1218
1745
634
4803
5971
7821
2722
1103
6234
8830
7886
2117
3030
6346
6884
852
9265
7531
6276
823
3394
9307
5902
879
8599
7774
3121
8604
9294
6836
5152
5892
5201
235
6267
3212
7714
10
182
5817
7150
5244
7006
4587
4639
2476
2362
1646
7475
2173
6079
2689
4703
9843
7674
6145
6730
1045
5926
725
5258
9611
6425
4218
3059
1578
1798
5468
5687
1540
3570
2133
1670
3129
7791
1703
9754
3151
318
9645
9566
2876
959
9969
3248
5559
5178
7603
8323
5796
3168
7106
2937
5625
729
6146
9158
1932
6176
9250
2146
6196
6587
1172
2469
1183
5601
6361
921
6936
4825
4755
5506
4310
4687
6799
3359
519
281
4214
7225
5728
3463
2970
4157
9925
6834
5197
8414
7643
4534
7496
5611
2195
6308
2548
1185
9593
9694
1160
7178
8683
4723
8008
7401
1443
89
153
2356
1692
5683
7263
5506
5428
3332
5016
161
9705
83
8452
8136
947
3922
4262
8328
7128
9626
2184
2085
1741
122
8854
3744
7884
2241
7402
9680
8563
6521
1791
1701
2043
4606
4158
5404
5377
9414
4173
9131
5651
5650
6571
9646
602
4591
5144
9124
1612
912
4056
8361
540
8267
269
31
852
1863
9401
9712
6753
7978
3058
2824
6479
7425
2497
1150
2328
9552
5915
5601
1341
1254
3383
3137
4654
6341
8329
5094
2990
2775
3874
6209
9727
6768
7912
1163
8777
9807
4238
5579
8286
1052
2055
9739
2549
6248
5777
3445
3037
9144
9770
4370
7751
261
1808
153
2779
8933
5839
9086
5011
8392
1478
3864
7691
5082
2582
7891
8016
5398
7140
9957
9158
3326
1392
7166
5839
2820
1477
1503
4888
7785
1281
6389
5354
7702
5269
7160
9715
6364
5309
4290
9105
7847
8444
5129
5450
3899
2532
1310
7012
7556
4430
5680
9095
3363
897
8463
2552
9339
196
6902
9778
9654
5483
6904
1289
2056
7488
3823
9167
1793
753
5431
6106
5734
2091
1067
4834
4756
7347
2873
9683
1969
8733
2597
5015
9580
8192
7563
5688
1307
8560
235
8861
7117
5495
5065
5752
5763
2467
1577
9570
8622
7391
6288
2792
4281
5871
9795
2401
6600
7118
6336
9908
5432
9716
4354
9669
6633
6934
9264
4565
337
6581
1375
5135
893
3336
8634
9394
5557
8582
7742
7617
1356
9304
9290
3738
9675
8165
5090
3583
3643
5811
4617
2395
2809
2996
7214
1813
8373
1245
351
734
8504
1280
4361
3666
6628
7400
2279
7061
8197
4458
9484
1098
3759
2399
3585
2533
5495
7253
124
5808
3642
4618
3600
4199
6684
5122
5154
8995
6282
4018
5863
3787
8397
1817
5888
4676
6956
3073
9571
9097
2184
6629
5047
1174
7167
6944
3802
9704
8165
2819
1536
1851
987
5247
5255
9853
6940
3508
2484
1092
3135
5515
1517
3943
9965
4324
4742
300
4980
7532
1030
8649
3434
7914
2877
2175
8345
5871
7283
8991
9560
1937
2981
7409
4171
2878
297
4476
6872
1209
8951
3144
6282
6601
5106
2807
2959
7474
3680
5969
2677
8288
6491
7445
850
8210
3375
9544
7205
4542
3076
3145
6830
7143
314
8627
2003
8893
5755
3983
7775
7125
6454
6905
8629
6634
230
5690
9232
2790
4596
5475
89
535
2863
111
7798
2527
4228
2467
2480
9595
106
1261
317
7431
7706
9539
4544
1643
5719
6513
9955
3027
9464
2354
2139
7096
5942
5962
1872
497
9733
1347
8581
6172
5530
4881
982
9001
3237
6063
8961
7659
2707
3497
4564
3425
3214
8746
4071
2078
858
187
4003
7940
7239
7492
1227
4675
5881
3401
3299
9792
3880
6684
1739
4905
1696
5847
3581
7553
1372
7123
8560
6215
5868
9163
3122
1932
9646
1848
7531
2210
1439
1230
9212
5133
682
9341
5076
6495
9474
8410
5203
1885
9747
3205
7245
6336
1117
7050
7942
3788
7735
4425
7122
336
6754
3029
2630
4047
5232
6457
4088
3507
2496
4613
4265
6003
4945
6298
7752
6635
289
3062
9431
55
6133
3690
7353
3530
5584
7383
3679
1345
2608
1838
8688
9216
4574
2773
1289
5953
3232
2384
6467
5250
4270
9494
5754
5225
3630
8358
1871
5000
9201
3155
2352
400
5596
3050
7448
9358
3057
3296
6760
1107
7414
5895
9327
2230
3227
6444
6156
7894
2765
6221
7923
5093
3347
202
6882
1894
420
783
8862
2988
7508
7125
1011
8483
2558
9983
6267
2667
86
4993
4300
6982
8861
3277
7682
5369
5325
3500
1557
831
9940
8964
8184
2340
9220
5339
5282
2061
1007
5851
9375
9603
133
6599
6971
1985
1086
9996
3765
6996
2150
7094
9256
5996
2910
2555
2334
5219
9934
6936
3414
4954
6567
4535
5473
689
5039
9328
844
8901
6538
3729
1520
9605
692
8590
7549
961
531
2027
5396
9011
2709
1166
6848
743
8687
3708
4109
4273
6682
466
5123
1899
7012
1894
9161
8745
7381
6078
3654
1419
5744
1147
2551
1349
5788
5673
4135
4306
5335
7874
8805
1414
7283
3542
1525
8901
3449
1553
8988
2671
2740
6554
787
4786
3059
3386
6198
2086
9013
7079
5854
2697
7257
2784
8424
3904
7980
5818
2592
4520
3557
3340
2027
5252
5477
699
4446
5699
6094
2268
725
3508
5406
5198
8457
5589
4838
5240
591
3528
4244
2435
3364
582
7543
9110
3369
3228
6838
4363
6213
6990
9992
841
4545
5683
8541
5605
4862
2964
546
4653
1622
8767
1936
6821
9814
6893
9842
150
3308
4490
4277
3406
5106
1072
7695
8114
8370
1316
5386
3178
9920
2188
2652
7335
6132
4186
5075
3477
6051
2767
5293
5614
658
8685
7025
7446
775
2055
8402
7970
117
353
8755
2905
5386
6658
7612
4971
3085
1379
5986
8911
8741
1928
6374
9949
3169
7070
7283
3697
1469
2880
1418
8768
6994
9762
6608
4823
9377
5388
7066
9364
3291
4025
4237
2272
1935
8919
8730
291
4379
5443
1840
9417
7678
4400
3891
3390
8597
5795
8124
7794
8316
4242
7016
765
9169
5634
6572
697
6778
4922
4174
8976
7283
1254
3583
3190
6866
5019
5423
4086
9626
1032
5386
3380
140
6100
9448
2326
2304
4184
3416
573
9855
1638
6147
9372
3244
4934
1892
7611
7046
3587
5763
9293
3800
7480
8326
1080
1370
7275
7163
584
8889
7006
7627
6729
5931
6284
6750
267
6175
2045
480
6017
3917
4002
2482
1772
5553
8288
1786
7076
7004
3786
3052
5649
6542
2547
4817
9660
9143
5474
6241
4280
633
3917
8217
1586
4410
5479
7705
3957
800
4741
634
1810
2465
9777
8198
8774
9932
5007
4254
4643
3607
1816
5712
5360
7014
1130
2931
4227
5517
4405
3267
9711
8493
2099
3576
133
8051
2047
613
4960
5357
9184
8446
8806
7671
5198
25
7294
4406
4286
4930
7991
9654
636
9313
3682
8198
5788
8061
3093
9429
3001
790
6839
7028
5464
9872
4997
6661
1200
6473
6918
5365
1011
9214
8192
1692
8136
965
4828
65
8121
7803
1008
3918
4041
292
3751
1511
6959
172
5890
9317
2843
1075
4255
1534
6437
5963
6869
3473
4518
2244
7370
8307
7619
8635
7476
669
9764
4028
552
5804
4367
8098
5593
3864
7333
9608
7891
7
2441
5832
6589
6517
2657
3949
7495
7914
119
4381
1067
702
1913
7938
9326
656
8316
392
605
7029
1674
1287
525
5758
5612
8796
5104
6907
6860
9742
4677
9067
7982
3966
3329
7879
3549
9852
3103
950
4423
2013
7106
6484
9663
1819
1693
6070
6614
1559
7143
3384
7442
2317
7779
7409
4509
9004
7771
8650
2396
8898
6281
1957
4604
579
3610
7555
7994
1673
5643
798
8536
1765
6570
3647
7866
6447
9391
3308
5686
1622
8820
4141
1041
8817
7292
379
1146
5486
7397
7582
6009
3932
4493
4479
9240
1733
4095
5434
7486
9406
486
9249
4835
1515
9895
90
3906
5370
6036
5948
9830
5741
1644
9137
1659
4449
8504
8712
8315
1654
7948
6045
2203
3368
2715
6115
1094
5534
7962
525
4967
2925
9649
3297
5725
1252
9839
4545
2683
8365
8633
6501
3697
7764
8512
7651
7884
7008
777
8274
6898
2859
2686
8798
9122
4928
8737
8234
2486
7728
2982
7697
4110
4023
3542
4213
9963
4581
3980
3353
3802
3240
1567
8972
2841
4670
989
3018
2125
100
7535
9193
2009
3732
1013
5294
4455
6622
9275
9379
6458
6609
9299
5458
8909
9862
4658
9576
5399
1069
7874
9073
7425
4809
5119
6757
2633
8526
5023
2517
539
9339
6361
4771
1296
7991
7961
9080
4496
4615
5694
1201
3896
5885
8442
5629
5687
9361
355
9528
1160
2814
5762
7501
8983
6870
2773
2006
7776
2184
5189
411
8143
4222
1334
7685
2254
4849
8946
1342
3938
2602
7265
899
9776
4
5175
3213
8522
7658
7674
9579
4548
5112
5552
2472
1509
6649
8304
6990
9851
6239
6117
3363
9477
6082
6385
3215
799
6459
3021
5697
2497
829
7319
5890
5179
4979
4745
2020
5857
827
1379
3167
5004
1340
6787
5053
3399
6139
5102
3803
3261
2217
3066
4001
8479
8498
261
2413
2881
2870
9028
5338
7843
9518
3878
9855
342
6744
4657
1850
6823
3436
8387
6427
3905
2620
1041
7116
5051
2462
9746
5162
1854
7992
7941
331
1545
1066
8135
9524
3137
1584
6157
3613
4908
8574
4871
5267
7403
6983
796
3319
4695
5784
6099
3212
6665
4370
1189
661
8710
8326
2403
6252
7971
1827
7811
6223
9878
522
9042
5434
4444
7919
7865
4054
8214
4742
3223
3765
8722
7452
3511
1349
5277
5789
2992
8637
7292
1780
2415
329
4685
9976
5525
9954
4637
7585
8239
7601
7948
9776
3216
679
5165
1912
994
4373
1891
967
5985
7658
2622
3480
7537
5100
309
3968
9769
8874
4313
7046
7036
1580
6318
6890
4674
5689
4534
4446
5980
8309
5
839
8968
4084
3998
7112
6798
8367
3918
7941
1901
1596
8077
7799
2614
2067
9182
906
2315
8007
6873
3691
6690
7688
5213
328
582
9972
7984
1231
9680
7495
4175
9796
618
3980
3289
3204
7646
2866
1829
289
748
3349
7609
2645
3173
3021
3285
641
3634
4442
1521
9653
2198
9587
1939
3181
2939
2575
6844
1642
9727
5641
7347
6530
8665
1971
8566
6944
3585
4989
1581
7198
4472
4062
8564
3802
1580
2893
8519
8242
2290
7422
9762
5160
9830
7459
9153
9181
6702
3302
5695
3761
1086
4035
5653
7356
3996
2913
122
1187
9409
1813
3511
7229
9401
409
6263
9589
1612
7106
8058
1183
5325
488
9186
4012
3651
6603
6504
9734
132
1628
4531
9094
729
4233
7482
1331
2682
3261
4851
716
8833
6998
4836
5199
3714
2055
8151
8428
2859
2644
660
7499
8938
3059
2753
8849
4169
4448
7125
5671
6948
8711
3500
1069
5322
826
3274
9770
7972
9759
2226
4884
9758
9962
5276
6307
8726
5365
63
4240
7759
7047
2186
5079
616
9372
1119
4464
9801
7638
3254
5707
8268
7270
752
5339
5269
6809
7676
9196
6819
7995
2285
6153
6724
6218
5261
3272
7181
7460
3503
8373
8323
7020
1101
8969
7189
2546
1195
9161
4610
2644
8302
3398
1386
4579
6262
9019
5147
8535
1663
8094
3608
2112
363
1548
6205
7538
2102
8525
8492
5739
9161
8590
9420
4379
8206
4649
8228
3129
8279
6909
6576
8388
46
6758
5380
1133
2855
4220
4477
5375
3968
9017
808
63
1108
1592
8767
946
3789
9640
828
1068
3665
9011
9391
8848
664
2850
2321
3208
8310
4059
7652
4015
8352
140
3509
4515
2892
3118
20
9857
1106
1993
6173
13
2065
4065
9308
8046
6345
4234
2863
9175
6268
2864
1910
4536
1641
2678
3617
1710
2912
3399
8909
8127
3457
2168
7896
3292
4903
5331
1094
7243
6230
1895
9985
1482
1299
1111
6042
4423
1829
789
1447
1108
4288
1678
9908
7856
6071
3891
9420
837
6375
4142
7163
7506
5187
5307
1538
9455
6475
8977
1592
356
8474
5811
5114
2909
3247
4972
2498
5888
8621
6931
9867
56
3093
2130
3408
9118
91
6635
7088
1838
2601
8274
5267
9519
1259
2959
8637
8892
9363
5268
9387
7012
2072
1948
8906
2673
3383
403
4017
3458
4574
1728
6969
5334
6107
8758
9572
1320
6567
2844
484
7114
3936
8037
6960
5262
1471
9745
6663
7521
7344
8458
4643
6739
2409
825
1386
850
2207
3115
9299
3105
4736
8508
2558
9070
4390
1655
9905
5250
4139
3628
7309
9447
6711
4647
8572
19
7349
5784
299
471
3
2816
3381
359
5756
1957
4472
4315
5884
8898
8083
7527
4067
7362
1437
2420
2133
6444
282
3680
9568
7280
6542
2102
1400
427
5825
4844
3425
1958
490
8417
5875
1195
9934
5212
5665
1258
8171
167
5887
914
6960
7461
9517
9920
3487
9872
4165
9106
4765
7436
8962
557
5364
4507
3774
2565
2472
7631
6347
6805
4596
1031
7568
3806
1345
361
1831
1355
144
3640
6023
7993
9098
647
9025
238
919
6041
9432
6666
2855
9570
9281
3917
3638
6795
1644
261
6385
3584
8926
9322
5568
5205
2082
3480
4339
8016
5689
4182
889
2724
5878
6076
8957
1631
1122
2600
6392
6435
4794
1801
1655
7825
6207
4158
3926
5154
7879
5956
1244
5768
4580
9069
5981
506
5474
8760
9954
8981
7613
1795
6177
7138
7236
3334
2669
1992
8
4000
6033
3522
5060
2765
6302
1163
290
768
6769
5363
5284
9043
9933
149
9968
3289
9421
2958
1560
6771
6283
3387
9742
9786
1785
3075
3866
448
5987
6684
4533
709
9151
9938
3459
9991
7801
7057
9398
9423
5246
4410
5924
3608
3773
6513
5813
7766
9625
1440
5700
8042
7109
8602
1930
831
7217
8490
3986
458
1847
6188
7657
9598
9977
6734
9904
3701
8039
2614
8203
7026
4520
3278
4553
1215
6848
9825
4928
1158
7524
3192
8902
5351
4928
7209
5645
9524
4549
251
30
3712
6922
689
5827
1968
8365
9644
8138
9413
1557
271
7253
1540
6648
8803
4722
2566
2194
3818
5727
5446
4323
1849
4797
1914
1180
7331
6903
3690
7051
8558
691
1322
6822
5752
9354
5212
7316
5560
9388
507
5695
3183
7345
7454
1388
5796
4052
4576
4461
1204
6915
9589
4431
108
8466
2730
3554
5909
6062
9962
5755
477
7859
1015
209
8287
2084
7332
3354
9625
8050
8485
5792
244
1983
7276
2692
1422
6649
1980
1165
3570
6929
9543
57
8873
6257
1966
634
4886
3610
8863
1113
4715
1646
2018
5160
634
3768
4848
2440
225
653
79
471
4734
8625
9309
4465
4869
7138
4119
7553
7060
3157
9989
3713
2831
4391
6628
3982
384
4059
4916
2251
8058
1539
417
630
1898
8920
1048
4563
620
9225
4164
4356
9897
3876
5409
5607
3610
5343
6601
1375
2420
2283
4807
1050
5038
9354
4672
5171
8506
7374
185
6580
4672
4430
9863
3824
6204
3426
2037
5721
6226
2517
1058
8853
5842
1247
5430
8381
7475
5047
1468
2880
1569
1379
9003
4696
4136
2432
2981
8627
7530
4265
8600
64
4198
9558
7030
1482
7954
2881
8442
7689
8167
8340
1236
2866
2702
5303
5673
9827
9821
775
1095
2407
9342
3495
7114
9505
5496
1967
219
9516
2627
761
6326
1664
6243
516
1525
2517
8844
2546
3076
6275
1970
608
6745
3435
2658
9983
7244
534
2409
9504
1150
9766
2129
7011
1454
9606
5310
6565
8030
4451
1077
6156
6414
33
1460
6664
589
1157
7522
6333
9454
5648
4300
1350
2482
4445
3040
7934
4873
6010
6250
9030
9851
5700
9659
4743
216
242
6990
1783
4330
1146
2735
1042
5575
7589
5649
6804
1892
4302
3688
949
9788
9470
6843
1148
718
353
8294
8075
1960
7051
6557
6057
393
8460
3208
4399
6368
1753
7202
1694
4747
8147
2622
6440
3579
5982
1121
550
6687
4208
8639
9782
4518
3919
1984
490
1367
8662
6579
1442
3722
3548
4676
3486
3110
1276
4160
6203
555
9384
4771
7465
4936
6428
6573
9491
4156
2421
6838
5244
4723
8502
219
5458
1891
7756
2511
6331
2490
8230
1234
7686
1616
4617
5724
4082
92
549
3983
7695
9970
2625
3623
5933
4320
5123
7505
3596
3652
2802
6502
1041
9357
881
1554
6107
2262
5650
3122
6949
9855
8613
8503
9521
702
9885
4842
1206
1433
2800
5779
6346
7472
7778
9025
7010
3164
7089
9088
4324
9525
2442
2443
8781
5008
9017
3699
2120
4576
6171
7822
6972
7097
5034
6107
2684
4504
7451
8684
4681
8741
8203
2473
4022
1417
294
2719
3058
2331
6219
6700
4157
1384
1648
2753
4173
8732
3712
9910
6923
1064
2538
6603
8508
2118
8302
5396
3952
3943
1877
1900
1790
4906
4307
1190
6382
513
7389
6659
7317
1717
3738
7944
5360
587
6882
1596
3254
5035
2232
403
7653
4807
5586
2196
3968
6769
4081
6855
4324
6280
7578
811
1792
4077
7012
5845
6234
1505
6139
5737
7229
4740
5449
3811
7657
8195
2494
9913
7746
4556
5022
5709
8873
6589
1343
5475
2247
7133
2877
3040
5104
8127
286
6915
2888
607
1008
8307
858
9257
7825
2666
5746
7567
3378
2350
3580
5471
7562
4511
3652
6059
3629
7297
1858
9751
5968
2822
2505
8630
5614
3959
2458
1963
8569
6653
9311
4100
6059
9301
298
7198
7421
2933
9075
1058
3607
46
9423
5793
1174
8292
3767
2573
38
9022
8199
2215
7252
5720
3459
9912
9247
410
1989
2990
2923
2156
3175
4298
4610
6392
2387
771
3031
2652
6488
2337
2954
4327
588
2296
1169
3818
5922
9207
6705
4763
4921
1836
4660
8509
7470
4746
756
8620
7478
8843
4299
6665
3574
9874
2500
6300
4699
953
530
1534
7958
3875
7351
6907
5271
912
8569
3220
1460
551
58
2662
3124
8999
280
2632
7594
5474
86
4273
7871
3425
951
9836
8597
470
928
7383
3245
7884
6176
7787
9917
1221
832
3114
6553
7504
123
4420
4503
5727
5659
550
9050
8935
7991
6840
720
5162
8740
2151
438
1423
1105
5555
7902
690
8042
1593
9238
3287
8718
2410
9840
1074
2512
2669
3
2422
1073
6387
198
4558
8348
5035
3619
2836
6608
4572
4247
6008
6998
457
8470
8405
7288
6381
228
94
5142
7167
9217
8447
644
8683
3051
2504
782
3150
4925
7208
3373
1251
8272
8852
2210
5601
9752
592
8866
971
9194
2745
8033
7963
6457
9162
9937
6892
3145
1046
446
6970
8837
2040
6641
9193
8921
6884
2707
4955
1921
1040
2200
9868
9485
188
9015
9224
2859
7813
4290
9408
8597
3970
8338
8927
8285
7737
9851
9618
6953
2687
2080
5245
750
1428
8395
2630
146
4734
7862
120
1836
606
7174
5747
6043
5558
5510
8313
5441
1888
6435
94
1971
7021
8887
6678
1102
8803
3691
8742
884
9149
4527
2607
1856
5880
9028
2303
4736
1056
1516
1196
483
131
6268
5856
688
2219
2062
6872
6059
2028
5274
2341
3335
4678
4707
7203
37
4750
9711
8567
2239
1430
982
1691
4839
9114
5050
5826
3974
3669
8757
5138
7753
1988
5453
2312
6577
4356
1469
1523
833
6797
8049
3315
560
2660
1453
8818
6065
8332
1358
8216
764
3842
5662
4688
3918
8184
2122
2136
4355
3974
1199
2684
711
9915
9919
5652
6580
7122
1680
7900
2489
1561
8326
2893
1452
4498
237
5176
4969
289
112
1759
7170
4849
3365
9022
595
8766
4388
8342
2735
1260
3611
3434
1201
9808
9129
4631
414
3955
6154
3867
8217
305
6775
8989
8916
9979
397
6430
7925
9789
8574
1089
3952
382
3036
4909
159
5640
7652
8246
8383
5760
2280
8063
5445
8394
8745
921
3269
8138
5957
1361
4122
3868
5534
6729
139
6913
3692
7981
976
525
9887
4864
8485
1433
802
573
5289
2168
7669
5413
8547
3550
1510
9171
3061
6648
3620
6370
7317
7168
1494
8504
7244
565
6400
5121
2296
9886
4457
40
5770
1866
1763
4776
3892
2951
8650
3583
8249
7739
5726
1463
2079
5129
9645
8451
2175
3662
2804
4138
9397
1060
6623
9048
933
3897
4203
4816
1405
6098
2843
6039
2298
1057
8779
3674
3603
5694
5049
2421
8606
8803
9272
3686
7687
8689
8629
7902
7529
5186
8615
4154
1627
8796
8702
7439
8308
2273
9239
4874
1564
9760
225
188
3998
1829
2952
2277
5987
8416
6702
8625
8123
6634
1626
6783
4928
8504
6139
6412
3681
392
3422
3700
3898
6689
9786
9552
995
6429
524
6115
2504
9725
7996
5812
6933
1539
8633
3672
7674
9004
6297
1555
5769
3929
2721
5801
8784
7732
7635
6389
3218
9902
7084
4880
2853
4720
9747
1183
7339
1860
4320
1615
162
9055
3148
1335
4551
1561
2992
7772
9347
3392
5133
1775
7093
9829
6206
377
2211
161
1650
435
1796
9374
2366
5154
2910
9589
3579
3799
5170
5797
7088
4828
4480
7969
2189
2013
7125
9737
2334
9234
5682
7839
6911
7501
7847
7342
1253
1300
7260
4974
6771
9458
7138
664
9925
9421
3126
9565
3597
7735
5889
2414
5614
3700
1590
495
9812
3224
3967
7886
4579
8385
8879
7410
1073
5148
6576
4834
8831
3441
2778
5379
2020
5864
3291
64
4461
5485
507
3425
2733
5901
8824
9263
7962
9859
1336
4185
2398
6810
9619
7599
7559
6694
9314
2015
6320
9805
8921
4166
5556
6624
4139
4097
1438
3973
9061
8629
6712
9394
1693
5854
498
7995
2105
9523
5489
7141
3492
1882
3409
6154
7038
2566
4627
6024
404
441
4633
2436
5601
5325
5858
7037
5528
5478
6485
2588
5792
3401
7073
1354
8067
4208
7246
1908
613
3969
9955
4076
9539
6613
3280
3752
8685
9582
6078
1051
7323
614
300
7838
6515
4663
969
4989
5351
1118
4341
2874
1809
2723
5185
9662
7532
1990
3866
6705
7404
3827
2739
9279
8422
390
8028
1638
2284
96
8749
1618
7930
2147
4393
5986
200
67
9806
7520
474
4464
4940
2401
7446
4802
2470
1045
5009
7653
9608
7924
4572
4020
3390
5016
8977
1867
3683
715
8612
6357
3750
4645
5184
4076
1117
5872
110
8650
7469
2843
5502
6762
1349
6319
9988
9174
493
969
9729
7717
3821
1952
8053
6732
6655
1606
2775
8016
3952
1670
6997
3206
3583
5434
3911
1021
8221
530
4735
110
772
479
566
8530
7347
8530
306
3233
3491
3608
3901
4112
4019
15
4185
6460
531
4831
1385
4034
2960
5080
6742
3827
5039
5981
2901
9014
3722
1081
9967
9380
3887
8688
1135
2400
6777
5028
206
1128
6564
8522
2719
8822
6221
408
6495
9435
8830
7048
9174
365
1560
5816
6803
3526
8022
7095
5967
782
7255
1915
1901
1092
2127
6582
9402
4927
6592
8857
323
4647
514
672
1866
9681
1252
7049
6352
3114
8808
4760
2726
9958
3637
2170
4706
3914
4392
8350
2613
2133
5442
7083
4628
604
1350
8964
3048
6475
3677
6637
6501
1437
2850
1135
6136
7567
7142
4424
1993
604
6424
5407
3886
3946
8172
9184
5158
6180
5859
1107
2292
2860
3365
5017
9220
7564
3837
9449
7905
2327
739
3864
2654
8295
6324
7455
2465
2480
6397
5584
4164
1406
6010
595
1489
893
8860
8262
5522
6389
9468
8933
4903
5565
8516
2642
1005
7757
8473
3101
8723
9332
2665
8210
3739
9492
7172
7183
6011
8535
8207
1550
8755
9507
6543
1738
4762
2446
6142
8040
9402
1981
348
2520
948
5931
9405
8130
2113
7589
2888
3056
4895
6993
3202
2843
7187
1262
6697
2864
882
703
1070
643
4822
5125
4242
518
7668
698
7464
9421
5756
4222
7826
6745
5723
5785
391
6626
6986
9998
8339
4823
519
942
5162
1402
8712
2944
9202
4685
5597
8032
1708
4430
1240
6687
9480
7772
6854
6861
1937
2132
9343
5818
1871
5945
7717
5589
65
9855
1583
2677
7734
213
5771
4061
9877
4111
729
1378
3575
7760
2609
3289
3394
9655
3806
8035
1161
1939
3646
8272
9967
1683
4601
9105
1577
5090
5413
7803
5027
1256
6188
648
1329
1327
3883
9048
3892
7317
2115
9724
2895
6578
2812
1991
3213
5937
1179
7920
5425
8360
5779
874
8166
3209
583
5497
2974
3689
6329
7308
7732
8324
2196
3295
7857
6287
8009
1141
9941
9359
8194
1626
3127
2553
4327
4170
1403
8983
3133
195
6070
7630
1432
5566
1275
9460
630
6697
1700
5657
3013
2719
1606
6632
670
2452
5771
8529
7389
3911
7459
4044
1401
8994
7669
1171
2829
8559
7467
5724
6243
4697
3856
3033
2059
9858
7156
4951
6921
7033
5724
5503
6891
8310
4792
7524
6300
9096
9906
4363
7473
5906
5003
8967
370
1218
5598
5454
5429
9816
3711
4427
9092
7033
3817
1848
209
8830
769
8631
7350
9621
2146
1352
6175
2334
812
8371
7428
2419
4152
8662
3144
6955
2508
9122
1786
2035
1509
9828
4843
6939
5594
2478
1941
6920
9136
751
2731
909
865
5411
7877
6340
1623
4257
6519
2362
3934
1676
3939
7165
4150
5927
1185
9801
7460
5408
9776
2602
4246
5805
940
2593
5405
2890
7613
6548
419
7639
4340
458
3302
9158
7756
7930
369
1748
5217
4422
4231
2553
8962
9337
7371
4311
2316
5910
7370
4887
3202
3137
3947
334
3750
3857
2491
8048
5390
9080
9880
2906
7752
4579
6556
1868
2495
7230
5080
5684
2279
8152
5683
5941
2591
6121
3706
4898
4065
3164
8103
5919
9941
4062
9468
1979
3549
210
3993
5512
9718
4220
987
8621
4122
2207
9229
8483
4321
6745
7333
6951
7992
5334
6117
2260
6919
7232
9762
9043
822
6747
8947
4877
1449
9326
6622
9820
5256
5804
2821
7073
2699
9592
9165
7806
4666
958
3529
4281
8513
3143
6617
2627
5266
3142
803
7557
8213
3817
7582
9687
2224
2574
5031
275
282
3348
4660
7502
3827
9800
7788
8946
8529
3282
8254
601
9388
5346
2178
9351
5346
9533
9372
9417
382
2371
9912
2857
1163
8830
3170
858
489
8724
6315
8148
8868
4728
2665
5999
7111
6489
1468
3624
7413
4495
9310
6732
6557
7386
9174
807
3166
5225
1075
572
4877
4842
2493
6579
1623
6085
4291
3596
4215
4167
5169
4560
7312
7300
1078
5669
9084
7075
5818
2603
2043
2568
5849
5595
9656
2311
1582
5966
6182
9035
6991
8988
1768
8655
6867
266
5653
1893
3432
5058
925
9103
5078
3278
9938
6662
5480
2901
7453
2160
7293
1994
6142
1676
7193
1331
5917
6596
9747
8075
8129
328
4287
4709
2213
858
9356
5605
1817
1886
6500
490
7634
2957
6
3315
1645
1803
6040
3755
9096
4260
7020
3366
6413
6077
1935
4110
6168
4802
5169
8201
680
5711
3354
5283
5442
2166
313
5559
1575
9448
26
9607
2837
7672
3634
1475
5157
3265
5943
3575
5348
2271
7972
2107
1899
9399
1483
6436
9451
5675
4375
4177
2795
2012
7304
6076
8154
2597
4232
1452
1475
6671
9945
972
6414
5128
8251
3882
1333
1907
2502
4936
3877
8206
1217
2028
5576
7083
2563
96
7968
4492
2032
7033
2559
5867
8971
8502
3711
3296
1658
7707
7038
9528
9622
5368
3988
4313
8731
8777
7743
9728
3753
9487
14
8196
4070
5498
5936
3118
9985
5946
5857
16
7948
546
4553
6110
2397
5454
8947
2145
1196
3343
7905
6036
5829
6643
8321
4812
7446
8454
489
6059
687
8781
3910
2311
6508
2811
5176
3275
4186
1145
315
8256
8808
1342
8040
3014
252
9533
2509
2087
6981
4751
9899
6490
7088
9881
4370
480
7947
3487
6539
8942
9503
9153
5599
2747
4557
8612
1458
9564
5949
392
4594
9651
7315
7964
1425
3722
5109
4075
5204
6394
1115
3101
4752
697
3467
4
2240
2835
5894
573
8200
5631
2745
1478
8467
3472
1253
6827
7417
6471
4186
6371
9073
8891
7761
6249
1598
6954
8782
3004
7322
5958
6002
9159
5148
8289
5112
556
8918
3514
9705
8369
5144
5294
1684
3549
364
4889
5905
8813
5431
8438
9219
3937
7539
8696
7915
8338
6333
6120
4974
3916
8982
120
4260
8442
7211
8304
2001
421
67
5082
3230
7012
9564
1252
7946
3210
2097
8843
3367
2943
9211
7618
4973
1979
9540
9978
3720
1187
4323
672
5583
9711
3878
3298
1141
5854
9956
9790
586
2617
4455
1658
2236
8143
8450
7725
2969
1116
5982
2363
1957
9718
3283
3788
3482
4290
3249
6044
2206
8285
3464
6976
1957
237
722
9378
3061
1744
6550
672
5443
8228
7640
4156
8330
5295
1517
4821
416
6127
342
1894
5665
6307
1818
2910
4192
8066
2846
3326
8729
9274
7923
7525
1390
1418
3262
1364
457
5003
2855
1561
9469
4257
180
9919
7029
4864
1968
8571
1717
6874
5847
4768
4256
4506
1942
1286
7099
2506
2516
3988
3669
8604
6676
9857
344
5922
1672
8060
5790
8796
2227
4495
5581
5712
2138
2069
4003
2430
1912
4354
4725
6065
8375
1063
4015
3915
6450
3004
3342
4577
478
9895
4573
6962
2811
8055
5922
6702
6983
4716
8420
2606
1803
3644
5750
3287
59
7782
8169
2842
9112
7174
7038
5127
8280
7143
9323
1623
2198
3324
3555
1295
9266
6980
7693
9586
1121
8533
8067
9641
31
7693
1211
9064
3366
278
8450
6973
5928
6414
3736
9898
9205
5074
3199
9237
8294
4863
7
7914
1955
8587
6922
1114
6750
9445
1344
5311
4928
7808
6340
9213
9672
5876
2135
5989
7120
7251
3849
2749
8265
3920
3589
3564
765
2390
9447
6659
6005
7431
9164
5770
8382
1148
9740
4584
7080
6190
5874
6179
4784
9869
3382
6823
8968
9151
83
7308
4615
5045
7220
7551
799
6769
9975
8807
6489
6880
2073
1910
621
2002
9953
2814
3119
1814
4675
4922
8967
8759
584
1291
3851
4594
7995
3356
938
5633
9897
1647
4028
2134
4178
1628
3818
1721
5906
4820
3589
948
6544
9987
9812
4915
5697
9079
9020
7194
4467
2679
313
1804
9850
686
9958
9536
7277
4584
113
7019
3541
2661
5629
935
2973
6050
6700
5328
8172
6397
5073
9728
330
2921
4737
6221
9774
1492
6226
4538
366
1918
2060
7553
8235
2176
7068
7186
6928
6097
582
7701
7279
7103
6199
111
4805
8835
1542
2673
8037
9547
8595
6055
624
3340
1398
2157
9499
5523
8844
4646
5169
9822
4326
2189
6168
8867
5497
6732
6676
4264
5250
2062
7328
4719
2331
2750
88
8468
4942
402
112
3059
8786
9337
6271
2731
5117
7100
3509
9678
3042
623
2297
6309
2600
8064
376
217
8939
176
8582
6041
9006
8150
69
6790
8846
1121
7153
4470
6351
6442
885
9856
7361
8188
3442
2440
7701
6537
1012
2632
3366
61
9859
6720
9210
1114
8803
4355
5429
8971
244
3167
7817
273
557
770
9961
3168
7574
5547
2740
8832
2170
5836
6552
6061
2911
2455
8911
541
8048
6655
6473
1689
9220
4193
4484
8187
989
4333
7979
4659
5809
2594
1931
84
9402
3494
272
8159
9689
7044
9310
3243
4947
5648
4364
4272
3455
3667
7723
5705
5779
4289
6394
3362
9921
8592
4310
6314
3300
1269
4976
4890
2002
5461
2225
6808
8315
8951
5782
5026
7765
2950
6924
4650
6123
4720
483
9698
3538
3215
8701
4996
4230
7367
7688
5956
490
7656
757
3085
3780
1386
6610
2004
5487
3684
7478
3314
5719
9131
97
323
602
8343
1792
3682
4297